0,273
0,270
10,294
10,110
10,174
10,66
10,254
10,212
10,292
10,230
10,2
10,3
9,7
9,6
9,1
9,4
9,2
9,3
8,16
8,17
8,7
8,6
8,13
62,4
62,3
62,2
62,1
62,0
61,5
61,4
61,3
61,2
61,1
61,0
60,5
60,4
60,3
60,2
60,1
60,0
59,6
59,5
59,4
59,3
59,2
59,1
59,0
51,4
51,3
51,2
51,1
51,0
50,4
50,3
50,2
50,1
50,0
48,4
48,3
48,2
48,1
48,0
47,4
47,3
47,2
47,1
47,0
46,4
46,3
46,2
46,1
46,0
44,6
44,5
44,4
44,3
44,2
44,1
24,3
24,1
20,3
20,2
20,1
19,3
19,2
19,1
18,3
18,1
14,3
14,1
13,3
13,1
12,3
12,2
12,1
11,29
11,28
11,27
11,26
11,25
11,24
11,23
11,22
11,21
11,20
11,19
11,18
11,17
11,16
11,15
2,2
11,14
11,13
2,1
11,12
11,11
11,10
11,9
11,8
